1.728446480633069604e-01 -5.629394375579122034e-01
1.729219270616410009e-01 -5.629394375579122034e-01
1.729992060599750137e-01 -5.628621082149538601e-01
1.730764850583090542e-01 -5.628621082149538601e-01
1.731537640566430669e-01 -5.629394375579122034e-01
1.732310430549771074e-01 -5.629394375579122034e-01
1.733083220533111202e-01 -5.630167669008705467e-01
1.733856010516451607e-01 -5.630167669008705467e-01
1.734628800499791734e-01 -5.629394375579122034e-01
1.734628800499791734e-01 -5.628621082149538601e-01
1.734628800499791734e-01 -5.627847788719955169e-01
1.735401590483132139e-01 -5.627074495290371736e-01
1.735401590483132139e-01 -5.626301201860788304e-01
1.735401590483132139e-01 -5.625527908431204871e-01
1.736174380466472267e-01 -5.624754615001621438e-01
1.736947170449812672e-01 -5.623981321572038006e-01
1.737719960433152799e-01 -5.623981321572038006e-01
1.738492750416493204e-01 -5.624754615001621438e-01
1.739265540399833332e-01 -5.625527908431204871e-01
1.739265540399833332e-01 -5.626301201860788304e-01
1.740038330383173737e-01 -5.627074495290371736e-01
1.740811120366513864e-01 -5.627847788719955169e-01
1.741583910349854269e-01 -5.627847788719955169e-01
1.742356700333194675e-01 -5.627074495290371736e-01
1.743129490316534802e-01 -5.627074495290371736e-01
1.743129490316534802e-01 -5.626301201860788304e-01
1.743902280299875207e-01 -5.625527908431204871e-01
1.743902280299875207e-01 -5.624754615001621438e-01
1.743902280299875207e-01 -5.623981321572038006e-01
1.743902280299875207e-01 -5.623208028142454573e-01
1.743902280299875207e-01 -5.622434734712871141e-01
1.743902280299875207e-01 -5.621661441283287708e-01
1.743129490316534802e-01 -5.620888147853704275e-01
1.743129490316534802e-01 -5.620114854424120843e-01
1.743129490316534802e-01 -5.619341560994537410e-01
1.743902280299875207e-01 -5.618568267564952867e-01
1.744675070283215335e-01 -5.617794974135369435e-01
1.745447860266555740e-01 -5.617794974135369435e-01
1.746220650249895867e-01 -5.617794974135369435e-01
1.746993440233236272e-01 -5.617794974135369435e-01
1.747766230216576400e-01 -5.618568267564952867e-01
1.748539020199916805e-01 -5.619341560994537410e-01
1.748539020199916805e-01 -5.620114854424120843e-01
1.749311810183256932e-01 -5.620888147853704275e-01
1.749311810183256932e-01 -5.621661441283287708e-01
1.750084600166597337e-01 -5.622434734712871141e-01
1.750084600166597337e-01 -5.623208028142454573e-01
1.750084600166597337e-01 -5.623981321572038006e-01
1.750084600166597337e-01 -5.624754615001621438e-01
1.750084600166597337e-01 -5.625527908431204871e-01
1.750857390149937465e-01 -5.625527908431204871e-01
1.751630180133277870e-01 -5.625527908431204871e-01
1.752402970116617997e-01 -5.625527908431204871e-01
1.753175760099958402e-01 -5.624754615001621438e-01
1.753948550083298807e-01 -5.624754615001621438e-01
1.754721340066638935e-01 -5.623981321572038006e-01
1.755494130049979340e-01 -5.623208028142454573e-01
1.755494130049979340e-01 -5.622434734712871141e-01
1.755494130049979340e-01 -5.621661441283287708e-01
1.755494130049979340e-01 -5.620888147853704275e-01
1.756266920033319467e-01 -5.620114854424120843e-01
1.756266920033319467e-01 -5.619341560994537410e-01
1.757039710016659873e-01 -5.618568267564952867e-01
1.757039710016659873e-01 -5.617794974135369435e-01
1.756266920033319467e-01 -5.617794974135369435e-01
1.755494130049979340e-01 -5.617794974135369435e-01
1.754721340066638935e-01 -5.617021680705786002e-01
1.753948550083298807e-01 -5.616248387276202569e-01
1.753948550083298807e-01 -5.615475093846619137e-01
1.753948550083298807e-01 -5.614701800417035704e-01
1.753948550083298807e-01 -5.613928506987452272e-01
1.753948550083298807e-01 -5.613155213557868839e-01
1.754721340066638935e-01 -5.612381920128285406e-01
1.755494130049979340e-01 -5.612381920128285406e-01
1.756266920033319467e-01 -5.611608626698701974e-01
1.757039710016659873e-01 -5.611608626698701974e-01
1.757812500000000000e-01 -5.610835333269118541e-01
1.758585289983340405e-01 -5.610835333269118541e-01
1.759358079966680533e-01 -5.610835333269118541e-01
1.760130869950020938e-01 -5.611608626698701974e-01
1.760903659933361065e-01 -5.612381920128285406e-01
1.761676449916701470e-01 -5.612381920128285406e-01
1.762449239900041598e-01 -5.613155213557868839e-01
1.763222029883382003e-01 -5.613155213557868839e-01
1.763994819866722130e-01 -5.613928506987452272e-01
1.763994819866722130e-01 -5.614701800417035704e-01
1.764767609850062535e-01 -5.615475093846619137e-01
1.764767609850062535e-01 -5.616248387276202569e-01
1.764767609850062535e-01 -5.617021680705786002e-01
1.764767609850062535e-01 -5.617794974135369435e-01
1.765540399833402940e-01 -5.618568267564952867e-01
1.765540399833402940e-01 -5.619341560994537410e-01
1.766313189816743068e-01 -5.620114854424120843e-01
1.767085979800083473e-01 -5.620888147853704275e-01
1.767858769783423600e-01 -5.621661441283287708e-01
1.768631559766764005e-01 -5.621661441283287708e-01
1.769404349750104133e-01 -5.622434734712871141e-01
1.770177139733444538e-01 -5.622434734712871141e-01
1.770949929716784665e-01 -5.622434734712871141e-01
1.771722719700125070e-01 -5.622434734712871141e-01
1.772495509683465198e-01 -5.622434734712871141e-01
1.772495509683465198e-01 -5.621661441283287708e-01
1.773268299666805603e-01 -5.620888147853704275e-01
1.773268299666805603e-01 -5.620114854424120843e-01
1.773268299666805603e-01 -5.619341560994537410e-01
1.773268299666805603e-01 -5.618568267564952867e-01
1.773268299666805603e-01 -5.617794974135369435e-01
1.773268299666805603e-01 -5.617021680705786002e-01
1.772495509683465198e-01 -5.616248387276202569e-01
1.772495509683465198e-01 -5.615475093846619137e-01
1.772495509683465198e-01 -5.614701800417035704e-01
1.771722719700125070e-01 -5.613928506987452272e-01
1.771722719700125070e-01 -5.613155213557868839e-01
1.770949929716784665e-01 -5.612381920128285406e-01
1.770177139733444538e-01 -5.611608626698701974e-01
1.770177139733444538e-01 -5.610835333269118541e-01
1.770177139733444538e-01 -5.610062039839535108e-01
1.770177139733444538e-01 -5.609288746409951676e-01
1.770949929716784665e-01 -5.608515452980368243e-01
1.770949929716784665e-01 -5.607742159550784811e-01
1.770949929716784665e-01 -5.606968866121201378e-01
1.770949929716784665e-01 -5.606195572691616835e-01
1.770177139733444538e-01 -5.605422279262033403e-01
1.769404349750104133e-01 -5.604648985832449970e-01
1.768631559766764005e-01 -5.603875692402866537e-01
1.768631559766764005e-01 -5.603102398973283105e-01
1.769404349750104133e-01 -5.602329105543699672e-01
1.770177139733444538e-01 -5.601555812114116240e-01
1.770949929716784665e-01 -5.601555812114116240e-01
1.771722719700125070e-01 -5.602329105543699672e-01
1.772495509683465198e-01 -5.602329105543699672e-01
1.773268299666805603e-01 -5.602329105543699672e-01
1.774041089650145731e-01 -5.602329105543699672e-01
1.774813879633486136e-01 -5.602329105543699672e-01
1.775586669616826263e-01 -5.601555812114116240e-01
1.775586669616826263e-01 -5.600782518684532807e-01
1.775586669616826263e-01 -5.600009225254949374e-01
1.775586669616826263e-01 -5.599235931825365942e-01
1.776359459600166668e-01 -5.598462638395782509e-01
1.776359459600166668e-01 -5.597689344966199076e-01
1.777132249583506796e-01 -5.596916051536615644e-01
1.777905039566847201e-01 -5.596916051536615644e-01
1.778677829550187606e-01 -5.596142758107032211e-01
1.779450619533527733e-01 -5.596142758107032211e-01
1.780223409516868138e-01 -5.596916051536615644e-01
1.780223409516868138e-01 -5.597689344966199076e-01
1.780996199500208266e-01 -5.598462638395782509e-01
1.780996199500208266e-01 -5.599235931825365942e-01
1.781768989483548671e-01 -5.600009225254949374e-01
1.780996199500208266e-01 -5.600782518684532807e-01
1.780996199500208266e-01 -5.601555812114116240e-01
1.780996199500208266e-01 -5.602329105543699672e-01
1.780223409516868138e-01 -5.603102398973283105e-01
1.780996199500208266e-01 -5.603875692402866537e-01
1.781768989483548671e-01 -5.603875692402866537e-01
1.782541779466888798e-01 -5.604648985832449970e-01
1.783314569450229203e-01 -5.604648985832449970e-01
1.784087359433569331e-01 -5.604648985832449970e-01
1.784860149416909736e-01 -5.604648985832449970e-01
1.785632939400249863e-01 -5.603875692402866537e-01
1.786405729383590268e-01 -5.603102398973283105e-01
1.787178519366930396e-01 -5.603875692402866537e-01
1.787951309350270801e-01 -5.603875692402866537e-01
1.788724099333610928e-01 -5.604648985832449970e-01
1.789496889316951334e-01 -5.605422279262033403e-01
1.790269679300291461e-01 -5.606195572691616835e-01
1.791042469283631866e-01 -5.606195572691616835e-01
1.791815259266972271e-01 -5.606195572691616835e-01
1.792588049250312399e-01 -5.606968866121201378e-01
1.793360839233652804e-01 -5.607742159550784811e-01
1.793360839233652804e-01 -5.608515452980368243e-01
1.794133629216992931e-01 -5.609288746409951676e-01
1.794133629216992931e-01 -5.610062039839535108e-01
1.793360839233652804e-01 -5.610835333269118541e-01
1.792588049250312399e-01 -5.611608626698701974e-01
1.792588049250312399e-01 -5.612381920128285406e-01
1.793360839233652804e-01 -5.613155213557868839e-01
1.793360839233652804e-01 -5.613928506987452272e-01
1.793360839233652804e-01 -5.614701800417035704e-01
1.794133629216992931e-01 -5.615475093846619137e-01
1.794133629216992931e-01 -5.616248387276202569e-01
1.794906419200333336e-01 -5.616248387276202569e-01
1.795679209183673464e-01 -5.617021680705786002e-01
1.796451999167013869e-01 -5.617794974135369435e-01
1.797224789150353996e-01 -5.617794974135369435e-01
1.797997579133694401e-01 -5.618568267564952867e-01
1.798770369117034529e-01 -5.618568267564952867e-01
1.799543159100374934e-01 -5.619341560994537410e-01
1.800315949083715061e-01 -5.619341560994537410e-01
1.801088739067055466e-01 -5.619341560994537410e-01
1.801861529050395594e-01 -5.618568267564952867e-01
1.802634319033735999e-01 -5.618568267564952867e-01
1.803407109017076404e-01 -5.617794974135369435e-01
1.804179899000416532e-01 -5.617021680705786002e-01
1.804179899000416532e-01 -5.616248387276202569e-01
1.804179899000416532e-01 -5.615475093846619137e-01
1.804179899000416532e-01 -5.614701800417035704e-01
1.804179899000416532e-01 -5.613928506987452272e-01
1.804179899000416532e-01 -5.613155213557868839e-01
1.804179899000416532e-01 -5.612381920128285406e-01
1.803407109017076404e-01 -5.611608626698701974e-01
1.802634319033735999e-01 -5.610835333269118541e-01
1.802634319033735999e-01 -5.610062039839535108e-01
1.801861529050395594e-01 -5.609288746409951676e-01
1.801088739067055466e-01 -5.608515452980368243e-01
1.801088739067055466e-01 -5.607742159550784811e-01
1.801088739067055466e-01 -5.606968866121201378e-01
1.801088739067055466e-01 -5.606195572691616835e-01
1.801088739067055466e-01 -5.605422279262033403e-01
1.800315949083715061e-01 -5.605422279262033403e-01
1.799543159100374934e-01 -5.605422279262033403e-01
1.798770369117034529e-01 -5.605422279262033403e-01
1.797997579133694401e-01 -5.606195572691616835e-01
1.797224789150353996e-01 -5.605422279262033403e-01
1.796451999167013869e-01 -5.604648985832449970e-01
1.796451999167013869e-01 -5.603875692402866537e-01
1.796451999167013869e-01 -5.603102398973283105e-01
1.796451999167013869e-01 -5.602329105543699672e-01
1.796451999167013869e-01 -5.601555812114116240e-01
1.796451999167013869e-01 -5.600782518684532807e-01
1.796451999167013869e-01 -5.600009225254949374e-01
1.795679209183673464e-01 -5.599235931825365942e-01
1.795679209183673464e-01 -5.598462638395782509e-01
1.795679209183673464e-01 -5.597689344966199076e-01
1.795679209183673464e-01 -5.596916051536615644e-01
1.796451999167013869e-01 -5.596142758107032211e-01
1.797224789150353996e-01 -5.596142758107032211e-01
1.797997579133694401e-01 -5.596142758107032211e-01
1.798770369117034529e-01 -5.596142758107032211e-01
1.799543159100374934e-01 -5.596142758107032211e-01
1.799543159100374934e-01 -5.595369464677448779e-01
1.799543159100374934e-01 -5.594596171247865346e-01
1.799543159100374934e-01 -5.593822877818281913e-01
1.799543159100374934e-01 -5.593049584388698481e-01
1.798770369117034529e-01 -5.592276290959115048e-01
1.797997579133694401e-01 -5.591502997529531616e-01
1.797224789150353996e-01 -5.590729704099947073e-01
1.796451999167013869e-01 -5.590729704099947073e-01
1.795679209183673464e-01 -5.590729704099947073e-01
1.794906419200333336e-01 -5.589956410670363640e-01
1.794133629216992931e-01 -5.589183117240780208e-01
1.793360839233652804e-01 -5.588409823811196775e-01
1.792588049250312399e-01 -5.587636530381613342e-01
1.791815259266972271e-01 -5.586863236952029910e-01
1.792588049250312399e-01 -5.586089943522446477e-01
1.793360839233652804e-01 -5.585316650092863044e-01
1.794133629216992931e-01 -5.585316650092863044e-01
1.794906419200333336e-01 -5.585316650092863044e-01
1.795679209183673464e-01 -5.585316650092863044e-01
1.796451999167013869e-01 -5.584543356663279612e-01
1.797224789150353996e-01 -5.584543356663279612e-01
1.797997579133694401e-01 -5.583770063233696179e-01
1.798770369117034529e-01 -5.582996769804112747e-01
1.799543159100374934e-01 -5.582996769804112747e-01
1.800315949083715061e-01 -5.583770063233696179e-01
1.801088739067055466e-01 -5.584543356663279612e-01
1.801861529050395594e-01 -5.585316650092863044e-01
1.801861529050395594e-01 -5.586089943522446477e-01
1.802634319033735999e-01 -5.586089943522446477e-01
1.803407109017076404e-01 -5.586863236952029910e-01
1.804179899000416532e-01 -5.587636530381613342e-01
1.804952688983756937e-01 -5.587636530381613342e-01
1.805725478967097064e-01 -5.587636530381613342e-01
1.806498268950437469e-01 -5.587636530381613342e-01
1.807271058933777597e-01 -5.587636530381613342e-01
1.808043848917118002e-01 -5.586863236952029910e-01
1.808816638900458129e-01 -5.586089943522446477e-01
1.808816638900458129e-01 -5.585316650092863044e-01
1.808816638900458129e-01 -5.584543356663279612e-01
1.808816638900458129e-01 -5.583770063233696179e-01
1.809589428883798534e-01 -5.582996769804112747e-01
1.809589428883798534e-01 -5.582223476374529314e-01
1.808816638900458129e-01 -5.581450182944945881e-01
1.808043848917118002e-01 -5.581450182944945881e-01
1.807271058933777597e-01 -5.580676889515362449e-01
1.806498268950437469e-01 -5.579903596085779016e-01
1.806498268950437469e-01 -5.579130302656195584e-01
1.805725478967097064e-01 -5.578357009226612151e-01
1.806498268950437469e-01 -5.577583715797027608e-01
1.807271058933777597e-01 -5.576810422367444176e-01
1.808043848917118002e-01 -5.576810422367444176e-01
1.808816638900458129e-01 -5.576810422367444176e-01
1.809589428883798534e-01 -5.576810422367444176e-01
1.810362218867138662e-01 -5.576810422367444176e-01
1.811135008850479067e-01 -5.576810422367444176e-01
1.811135008850479067e-01 -5.576037128937860743e-01
1.811907798833819194e-01 -5.575263835508277310e-01
1.811907798833819194e-01 -5.574490542078693878e-01
1.812680588817159599e-01 -5.573717248649110445e-01
1.812680588817159599e-01 -5.572943955219527012e-01
1.813453378800499727e-01 -5.572170661789943580e-01
1.814226168783840132e-01 -5.571397368360360147e-01
1.814998958767180537e-01 -5.570624074930776715e-01
1.815771748750520664e-01 -5.569850781501193282e-01
1.816544538733861069e-01 -5.569850781501193282e-01
1.817317328717201197e-01 -5.570624074930776715e-01
1.817317328717201197e-01 -5.571397368360360147e-01
1.817317328717201197e-01 -5.572170661789943580e-01
1.817317328717201197e-01 -5.572943955219527012e-01
1.817317328717201197e-01 -5.573717248649110445e-01
1.817317328717201197e-01 -5.574490542078693878e-01
1.817317328717201197e-01 -5.575263835508277310e-01
1.818090118700541602e-01 -5.576037128937860743e-01
1.818090118700541602e-01 -5.576810422367444176e-01
1.818090118700541602e-01 -5.577583715797027608e-01
1.818090118700541602e-01 -5.578357009226612151e-01
1.817317328717201197e-01 -5.579130302656195584e-01
1.816544538733861069e-01 -5.579903596085779016e-01
1.816544538733861069e-01 -5.580676889515362449e-01
1.816544538733861069e-01 -5.581450182944945881e-01
1.817317328717201197e-01 -5.582223476374529314e-01
1.818090118700541602e-01 -5.582223476374529314e-01
1.818862908683881729e-01 -5.582223476374529314e-01
1.819635698667222135e-01 -5.582223476374529314e-01
1.820408488650562262e-01 -5.582223476374529314e-01
1.821181278633902667e-01 -5.582996769804112747e-01
1.821181278633902667e-01 -5.583770063233696179e-01
1.821181278633902667e-01 -5.584543356663279612e-01
1.821181278633902667e-01 -5.585316650092863044e-01
1.821181278633902667e-01 -5.586089943522446477e-01
1.821181278633902667e-01 -5.586863236952029910e-01
1.821181278633902667e-01 -5.587636530381613342e-01
1.820408488650562262e-01 -5.588409823811196775e-01
1.820408488650562262e-01 -5.589183117240780208e-01
1.819635698667222135e-01 -5.589956410670363640e-01
1.819635698667222135e-01 -5.590729704099947073e-01
1.818862908683881729e-01 -5.591502997529531616e-01
1.818862908683881729e-01 -5.592276290959115048e-01
1.819635698667222135e-01 -5.593049584388698481e-01
1.819635698667222135e-01 -5.593822877818281913e-01
1.820408488650562262e-01 -5.594596171247865346e-01
1.821181278633902667e-01 -5.594596171247865346e-01
1.821954068617242795e-01 -5.595369464677448779e-01
1.822726858600583200e-01 -5.594596171247865346e-01
1.823499648583923327e-01 -5.594596171247865346e-01
1.823499648583923327e-01 -5.593822877818281913e-01